100 941 794 87
114 252 31
398 336 87
215 195 25
302 175 4
174 481 93
424 365 26
331 468 57
378 37 17
267 30 31
44 246 48
31 338 82
94 334 33
329 444 13
375 251 64
12 77 13
472 381 17
442 399 52
245 335 62
493 249 72
457 147 43
375 59 86
400 97 37
411 139 25
314 474 94
203 403 9
326 356 14
231 366 85
482 260 15
125 133 22
281 179 81
337 445 86
64 264 69
21 61 71
61 440 55
309 485 20
303 363 16
103 188 68
330 101 45
170 49 42
305 264 24
11 124 23
103 320 57
328 375 11
478 2 29
96 121 65
184 213 80
101 498 11
415 198 18
61 158 36
424 58 1
489 354 54
370 311 35
317 9 31
197 46 14
261 437 15
363 262 16
162 147 89
396 231 85
448 445 54
193 53 75
285 462 82
332 20 89
193 157 68
388 462 22
308 56 4
134 175 70
244 358 92
471 93 24
342 437 99
327 172 13
409 447 65
339 196 12
149 38 49
424 15 86
310 336 35
391 166 1
493 278 9
246 323 54
400 256 71
315 173 20
202 134 18
496 335 35
426 119 92
31 469 44
72 392 81
189 443 99
295 24 71
295 144 97
250 199 40
194 322 35
467 174 11
480 437 26
291 380 44
236 288 29
423 48 87
223 343 29
500 349 37
458 184 36
360 408 73
168 217 41
