1000 808 675 75
71 116 47
111 162 68
128 88 41
21 96 27
91 228 6
148 173 61
207 18 26
129 99 50
113 11 97
64 97 84
156 246 79
157 28 36
244 249 54
38 184 36
209 16 52
221 17 13
236 228 62
189 184 18
85 71 60
223 99 79
189 197 1
74 102 11
19 223 59
236 219 68
153 37 15
181 183 19
23 133 84
36 157 52
40 168 44
57 176 4
231 57 7
140 143 6
109 141 15
103 54 50
208 54 82
32 147 75
126 151 40
108 172 95
14 235 21
10 176 78
110 78 84
85 133 42
20 153 21
66 32 38
73 1 79
153 242 76
132 196 15
217 14 14
40 172 52
201 88 22
155 103 51
25 58 67
170 218 56
236 237 56
109 41 14
16 54 35
50 48 22
159 24 88
91 211 69
178 230 70
223 105 32
107 41 3
161 164 98
210 234 6
207 180 14
83 157 75
96 208 56
104 167 4
99 164 26
248 62 93
161 85 13
36 169 35
234 125 43
94 217 32
92 248 11
10 187 68
86 123 39
105 30 11
18 145 13
115 189 50
183 203 3
129 212 30
76 91 52
69 117 39
90 110 74
217 150 61
135 198 8
36 168 54
138 11 36
45 103 67
209 34 84
162 249 84
103 132 35
184 85 66
97 52 64
92 89 11
69 214 93
12 248 75
131 6 38
245 223 37
103 247 30
118 225 15
141 110 100
145 235 52
194 246 18
125 241 10
194 192 37
54 130 1
25 52 53
78 58 67
221 138 48
42 209 24
237 115 35
162 117 44
162 114 17
96 137 15
10 239 5
229 128 88
131 150 51
197 179 35
225 180 43
201 40 39
141 43 87
97 112 66
79 75 16
236 51 65
188 229 20
83 101 9
46 131 8
56 121 85
38 187 80
21 30 92
103 38 19
19 131 85
138 248 24
237 104 77
90 156 93
138 61 25
248 57 5
30 122 17
222 50 50
136 57 19
59 10 42
155 129 84
18 213 27
110 250 48
18 19 67
125 186 90
151 213 73
128 160 7
103 229 45
82 95 32
174 14 4
196 69 45
139 118 57
94 170 41
216 103 3
221 129 59
17 156 92
135 193 27
146 87 63
59 115 35
143 25 74
73 122 31
161 233 56
150 28 100
196 97 86
152 139 97
144 245 91
137 155 98
203 43 56
229 142 66
157 85 51
117 134 46
241 20 7
40 179 7
86 235 63
62 4 99
31 212 30
17 142 35
90 165 42
58 6 14
223 221 61
58 60 53
47 92 28
17 110 43
116 86 40
200 17 18
233 214 3
122 231 75
111 248 97
179 35 7
81 243 30
16 79 55
69 201 32
59 17 64
245 73 91
151 142 45
178 144 89
166 153 50
235 162 34
103 245 58
233 82 99
171 27 61
51 165 16
171 48 8
42 207 33
132 51 22
172 91 32
20 75 74
182 108 76
125 59 88
35 135 32
238 126 66
26 94 19
33 70 75
147 21 65
64 235 49
69 107 4
69 177 77
65 32 57
243 58 93
248 247 80
28 239 29
245 116 1
212 140 21
120 5 55
96 26 91
237 160 86
68 7 25
130 127 16
120 183 91
52 108 8
70 94 75
229 120 4
145 25 35
43 114 58
223 120 77
65 144 88
143 177 88
163 149 26
145 246 63
187 176 65
159 22 13
232 161 37
30 229 7
199 219 88
108 82 82
99 158 96
12 71 100
119 11 35
228 55 39
159 234 11
119 236 62
155 52 17
156 211 85
199 68 9
56 116 48
67 191 12
244 82 89
172 189 44
166 37 28
183 89 89
103 32 78
161 106 57
169 185 89
165 150 67
94 85 100
155 236 2
201 76 7
233 51 63
112 211 20
73 155 32
123 47 39
61 70 16
141 83 96
91 72 63
119 72 53
39 208 48
182 70 10
22 91 94
217 171 64
85 116 77
240 121 21
187 113 78
154 48 92
100 203 88
124 219 79
27 182 87
24 249 78
24 73 28
89 71 60
106 192 15
244 124 45
184 141 74
210 248 78
149 30 48
219 112 28
98 132 73
238 221 28
156 140 80
208 38 79
115 25 40
207 105 19
80 58 13
53 37 35
10 7 73
195 97 42
46 39 66
221 151 48
194 66 38
196 130 20
152 230 36
221 221 84
198 206 93
225 11 42
106 59 92
139 139 6
188 17 66
228 88 37
128 233 97
53 200 55
120 139 9
202 103 40
153 43 21
36 162 95
141 156 89
197 186 11
169 18 58
75 72 29
218 188 21
127 117 66
117 212 10
86 97 42
147 85 80
64 68 76
227 31 84
104 87 49
114 163 52
227 145 85
129 198 15
131 154 5
76 145 63
88 111 3
161 125 31
216 96 79
17 109 42
59 207 40
192 83 56
126 132 37
182 13 18
76 110 27
117 104 81
78 102 75
74 210 69
208 4 8
151 119 55
109 84 67
36 150 6
98 207 17
223 151 8
48 157 32
67 67 21
162 16 53
239 225 52
62 47 91
224 85 53
232 177 66
13 232 96
197 188 63
109 109 13
235 14 27
212 3 49
35 96 96
18 158 34
199 194 12
103 122 13
143 161 27
109 6 93
76 54 30
215 174 29
84 240 56
73 77 83
90 80 26
145 31 60
194 187 93
60 6 81
183 173 98
185 14 47
76 54 84
110 239 82
206 37 59
82 215 88
58 224 61
56 231 7
238 79 100
33 209 74
134 241 78
194 125 87
229 150 94
163 82 87
69 92 87
181 66 90
36 74 29
167 32 64
114 85 22
229 76 15
72 181 90
164 157 21
16 162 66
137 31 85
231 26 37
69 163 36
48 4 45
185 91 56
184 240 51
163 179 6
210 50 98
250 191 19
76 148 54
173 177 32
20 137 51
131 16 78
27 224 99
60 114 2
163 144 6
145 228 52
17 239 15
66 84 100
124 37 30
15 80 26
55 136 12
103 210 26
160 134 16
164 216 41
93 17 15
128 63 95
169 87 8
59 70 83
116 206 87
111 220 84
29 179 2
191 173 45
13 167 85
15 109 32
190 106 100
160 49 5
51 136 12
207 147 66
42 233 13
15 156 38
74 120 39
136 17 67
72 110 52
208 150 42
230 92 8
85 195 39
150 97 59
82 80 54
60 168 15
165 84 77
239 200 83
83 233 30
233 12 83
172 244 78
209 13 48
127 153 61
23 57 72
137 157 15
193 160 92
150 170 94
195 230 59
30 112 37
75 176 16
88 9 86
236 213 5
238 45 86
77 85 78
66 71 45
123 118 50
78 164 62
96 50 2
112 61 39
60 112 88
238 14 81
181 28 16
13 249 69
245 154 79
143 126 15
244 66 42
144 160 61
248 98 57
87 221 80
152 201 3
61 57 54
204 12 44
161 15 77
206 216 39
184 222 1
205 145 10
227 133 65
126 21 90
120 130 42
245 241 31
122 161 19
168 26 11
85 177 88
126 201 48
89 237 16
105 26 8
180 184 78
152 229 63
63 36 68
226 213 64
192 114 86
86 43 40
58 104 30
240 143 75
153 61 6
226 47 14
132 203 60
121 115 58
79 130 58
184 64 61
214 64 99
132 193 46
199 91 51
203 99 4
193 113 100
43 107 59
85 92 39
137 100 78
240 80 10
173 176 80
216 244 13
227 102 64
98 210 83
108 118 22
143 169 78
208 99 36
204 149 21
143 48 66
130 229 13
64 220 84
133 120 33
141 205 74
24 193 17
101 116 14
144 226 56
81 230 49
248 190 97
157 126 82
202 3 51
113 97 94
108 102 13
173 237 89
113 165 72
32 42 24
142 198 4
12 215 35
110 230 41
51 145 8
147 208 26
34 130 7
202 37 75
203 56 12
22 35 7
197 205 39
229 11 6
75 54 19
105 70 91
158 134 39
173 83 2
246 185 23
85 235 84
208 211 2
83 172 83
220 241 54
233 19 91
139 98 69
231 154 56
209 61 12
170 229 17
105 95 15
246 244 81
67 96 51
115 121 93
216 68 5
100 117 3
215 194 18
88 245 81
189 63 38
116 54 20
100 9 76
113 241 22
197 204 85
201 56 15
150 147 32
215 88 30
188 4 92
156 53 63
242 122 51
70 69 64
103 73 45
24 72 49
144 191 93
241 236 25
51 177 55
227 106 80
246 120 16
112 210 56
106 53 88
182 132 72
61 148 80
176 173 86
69 245 82
35 240 35
112 108 3
183 220 27
186 212 61
80 149 18
40 238 84
225 205 16
226 147 35
132 17 15
219 165 46
245 235 59
10 135 55
73 156 92
86 56 69
111 230 98
93 159 50
239 194 42
42 121 12
139 225 16
215 33 90
242 166 3
134 8 9
223 176 83
163 10 3
70 160 93
173 104 79
79 231 89
212 175 47
119 4 52
87 234 45
206 212 91
50 140 80
21 25 58
174 6 2
121 160 16
218 64 31
130 150 20
19 98 44
215 28 96
66 243 2
170 163 54
166 145 1
27 179 89
132 16 70
22 57 21
28 177 8
236 240 49
191 128 55
126 201 58
218 240 60
91 12 14
173 75 22
157 172 90
226 134 65
73 160 85
52 175 53
78 141 21
214 107 35
55 192 51
201 194 57
221 142 51
215 110 76
17 90 52
51 25 77
199 162 16
77 56 60
109 49 45
141 221 27
98 30 19
132 59 45
41 227 16
65 33 23
18 45 4
43 167 51
15 166 17
100 5 3
159 218 7
117 72 13
63 83 97
182 199 15
224 240 96
64 16 39
65 196 12
143 65 93
139 34 6
109 14 33
101 156 26
45 84 13
119 213 96
75 234 49
235 217 48
51 204 98
118 167 80
77 9 57
186 17 48
225 89 33
92 1 86
231 79 2
200 23 68
86 218 43
55 23 27
170 30 68
207 140 25
152 61 62
145 229 65
160 190 71
198 65 52
111 125 78
111 9 96
137 181 87
112 230 97
210 224 22
134 108 69
71 38 95
201 104 37
83 61 22
170 93 46
74 36 7
115 208 96
121 113 98
137 233 1
29 77 85
173 134 77
202 33 98
245 160 89
143 176 39
114 123 89
78 27 79
55 154 80
35 105 72
23 153 70
205 181 62
248 64 1
87 117 15
53 94 17
99 102 49
25 78 42
44 71 18
60 189 48
58 23 58
232 178 93
111 179 38
144 63 85
40 151 7
25 163 67
24 212 77
156 233 66
233 32 48
77 5 27
198 4 37
110 67 74
17 148 35
166 19 45
79 80 96
45 80 24
242 182 93
40 128 98
50 159 94
104 37 91
12 164 51
83 27 100
14 125 72
166 204 31
134 108 22
135 62 63
10 134 4
105 241 50
155 176 4
191 188 26
105 116 10
168 16 6
111 170 5
99 130 20
115 115 93
104 222 55
110 246 64
204 91 1
69 166 26
224 215 16
37 188 37
153 125 19
220 90 82
13 231 22
63 200 70
162 32 6
126 140 35
138 209 79
85 39 94
246 86 54
144 26 8
131 209 79
27 243 65
132 70 88
76 189 58
218 16 40
174 140 57
128 36 11
135 3 61
172 108 29
179 104 32
206 21 10
146 161 23
111 53 80
146 59 32
192 27 83
79 43 28
237 105 33
80 161 92
153 231 64
26 243 61
71 139 93
37 154 11
201 216 90
158 145 31
32 30 29
68 139 61
44 138 100
72 209 27
89 69 13
19 2 65
35 201 96
180 97 63
84 53 94
217 152 26
180 73 31
225 9 12
59 231 54
17 58 8
27 169 63
159 189 66
78 38 88
108 96 83
225 164 78
24 106 19
95 158 17
95 237 83
11 42 30
189 172 37
44 216 70
82 201 14
67 131 58
122 215 29
191 143 74
12 88 77
240 241 73
63 63 3
167 181 93
194 80 32
161 78 73
95 19 29
209 147 33
47 2 11
59 10 62
90 197 45
132 194 4
114 194 73
122 23 11
128 176 18
218 45 62
158 169 75
178 18 28
50 131 65
33 212 56
125 76 57
205 36 36
93 3 72
241 133 93
197 77 73
227 128 42
33 242 96
181 89 91
86 117 54
183 203 72
196 148 69
157 24 5
217 218 63
67 181 31
196 101 71
32 153 16
226 131 28
147 58 50
13 179 27
87 10 5
53 161 68
59 110 46
153 185 62
225 135 98
123 103 47
219 3 68
19 19 35
139 51 57
41 194 92
102 178 18
67 47 18
40 159 15
117 146 90
80 154 26
90 183 24
193 144 96
140 102 43
68 11 65
195 64 43
24 241 79
170 155 70
110 92 56
141 45 27
96 102 21
250 30 39
113 117 30
104 69 30
11 79 43
68 175 25
101 59 17
126 32 34
59 209 78
116 59 90
60 66 74
91 152 36
67 27 19
179 121 81
59 173 25
54 18 65
75 181 24
192 171 77
106 28 82
51 99 52
238 129 29
43 52 22
40 155 98
72 79 15
102 92 99
192 163 88
179 95 43
224 68 77
166 19 99
108 223 48
80 131 55
111 94 92
151 51 80
38 102 88
10 112 64
20 146 84
144 213 87
129 161 55
97 129 20
76 28 18
13 183 47
59 23 48
94 15 81
47 165 50
230 89 6
240 127 55
80 41 53
30 187 9
28 128 22
101 189 88
138 223 75
120 105 40
10 185 9
204 203 66
235 41 9
62 99 100
36 182 72
219 208 27
200 234 13
225 250 91
74 151 16
19 21 24
97 198 15
58 123 95
160 70 100
175 90 33
205 173 15
206 92 2
178 161 18
237 247 74
238 42 38
17 201 17
204 174 44
14 196 31
213 46 78
222 218 50
109 36 78
97 164 18
