50 20 20
93600956395702382978
45235309911388740201
47415912864029923376
33968948420799350015
95165010602922877198
49240392769877298114
15726321513448510728
95126011282141209973
78486850629814577302
35266779890398337488
72135545468875912359
47787617224462368601
04848580516224939172
21768913652191961609
82041857975507536282
40426718861155859403
01546503209697484507
40398211833362230381
98610087831427954307
16850284569121027347
mutate 7 0 14 18 8
rotate 6 18 2 6
translate 30 13
translate 18 35
mutate 16 9 18 16 5
translate 29 13
translate 0 16
rotate 7 2 9 5
mutate 1 1 12 16 1
mutate 18 10 18 15 9
mutate 12 0 15 15 5
rotate 3 5 5 8
mutate 17 10 18 13 4
mutate 7 11 13 19 1
mutate 19 2 19 3 10
rotate 17 12 1 9
translate 15 1
translate 16 21
mutate 1 16 5 17 8
rotate 19 13 1 10
rotate 6 1 7 2
mutate 19 10 19 15 5
mutate 6 11 17 12 8
rotate 7 0 7 5
translate 1 46
mutate 7 15 8 15 2
rotate 11 0 2 3
rotate 15 1 5 6
rotate 7 11 6 8
mutate 3 9 12 15 10
translate 30 2
rotate 10 7 10 3
rotate 15 4 3 6
mutate 12 12 19 12 2
mutate 8 11 16 16 4
translate 37 45
rotate 8 15 1 4
rotate 16 14 3 7
mutate 9 14 13 15 5
rotate 11 17 3 6
rotate 14 3 3 7
mutate 6 10 19 10 1
translate 30 29
mutate 19 17 19 17 1
mutate 5 14 7 17 6
translate 50 37
translate 18 0
translate 36 37
mutate 10 7 18 16 1
rotate 10 7 6 6
