15 124
3 13
13 9
10 2
10 15
2 9
12 14
13 10
8 10
2 3
8 8
13 13
7 3
6 9
2 6
6 10
15 2
11 9
13 12
4 3
3 3
4 13
8 9
14 10
6 1
14 9
11 10
13 1
1 4
3 5
6 4
11 2
10 6
11 11
5 12
12 8
15 4
11 7
1 8
15 12
4 7
11 1
8 1
12 7
3 1
10 7
1 5
3 7
9 13
13 5
8 14
5 10
14 7
13 2
12 1
8 2
5 13
10 11
12 3
2 8
7 15
2 12
13 3
15 13
6 8
7 6
14 12
1 7
6 6
11 12
6 14
6 3
15 8
10 4
2 7
8 7
7 14
3 8
8 13
13 8
1 11
15 1
12 10
9 14
4 1
6 5
10 10
6 15
7 2
14 5
13 7
4 12
12 5
1 15
5 1
10 9
5 5
1 13
7 4
3 10
10 8
8 15
13 11
3 2
11 13
9 11
7 13
1 1
2 15
6 7
5 4
15 3
9 7
1 10
12 15
5 7
7 8
11 14
10 13
12 4
12 9
4 4
5 9
4 6
15 6
