50 66869 81700 4750 6078 8326
543145 76334
507966 80453
528517 112339
766962 279151
636871 270335
404552 262719
495659 360117
624179 453492
390251 339240
659237 593580
635642 635642
411431 490325
284952 640013
108997 299466
80296 377767
-238457 511371
-149655 320934
-349518 685966
-405450 538049
-405211 500393
-587185 652134
-604402 489435
-388765 233593
-476833 232566
-552900 257821
-687958 210329
-725790 -25346
-441021 -30840
-532216 -37217
-751619 -201396
-300372 -121358
-624151 -542566
-471857 -524051
-223778 -257427
-404639 -577884
-160654 -257100
-133064 -409529
-167687 -862673
-13816 -791470
114490 -374481
154253 -423808
214720 -255895
460064 -414245
459935 -346587
326135 -245761
577833 -333613
356842 -197801
699494 -296918
450612 -191274
306573 -32223
