39 812 100 1985 12
3 454 75 39
663 3 748 131
454 574 521 56
911 136 872 65
697 812 786 15
911 58 924 79
663 570 91 35
616 46 673 110
556 570 307 62
256 134 871 77
3 242 443 112
106 58 61 28
697 134 302 64
921 570 881 45
921 939 815 107
214 812 523 42
169 171 373 39
327 454 56 42
726 198 147 23
726 663 698 72
727 454 121 60
570 39 846 105
106 939 169 83
626 39 146 125
3 574 660 42
256 616 884 119
616 242 176 62
626 812 193 53
198 931 274 77
985 939 353 69
752 939 170 13
574 812 990 105
727 242 564 131
171 136 508 117
134 58 778 102
106 127 75 11
242 58 902 34
616 727 925 120
46 921 214 40
752 812 298 52
58 616 948 126
169 626 507 58
454 931 692 75
663 939 372 26
752 106 820 37
667 931 534 61
667 574 579 132
921 570 671 54
106 454 830 104
214 134 954 65
931 171 782 23
136 911 228 63
985 663 408 30
106 574 169 72
242 697 675 32
939 663 762 26
134 812 457 65
556 752 387 121
242 454 846 32
570 697 976 35
931 106 148 82
136 911 703 45
3 214 216 102
214 727 435 18
134 171 819 94
13 242 154 109
626 39 719 103
198 726 917 82
214 242 26 68
985 921 772 15
939 214 740 86
327 242 296 78
616 726 405 108
106 697 189 23
667 556 940 62
727 574 32 123
556 3 73 119
574 13 833 114
46 626 610 70
242 13 469 114
663 39 759 129
921 812 263 109
171 616 738 129
198 169 677 77
570 127 741 41
454 242 963 95
214 570 310 76
46 697 646 118
3 752 848 44
663 58 852 121
3 812 340 95
106 931 787 77
939 556 113 103
556 752 672 33
39 46 632 93
939 214 476 122
106 931 632 89
911 667 679 118
39 106 200 107
556 663 476 11
