93 38 10 114 91
382 227
139 453
306 434
160 328
495 81
474 364
323 260
286 246
57 407
22 478
141 188
454 494
412 33
291 207
361 323
419 356
439 268
224 45
452 244
358 160
409 287
413 463
32 218
483 455
440 100
365 148
384 138
352 262
107 175
64 449
488 409
406 360
165 16
117 124
398 434
297 250
287 318
355 241
159 30
63 301
389 263
64 212
160 106
13 465
107 242
78 114
498 287
108 314
343 432
272 243
68 299
112 182
113 462
454 113
236 158
370 236
69 344
270 312
394 482
186 476
148 170
326 208
74 249
399 239
291 490
150 347
93 459
249 274
335 207
120 302
143 352
167 390
228 231
438 414
115 466
432 401
53 210
356 257
465 22
238 450
403 230
147 331
132 222
415 142
254 266
473 371
16 396
469 218
439 442
300 452
348 235
498 144
297 236
