320 55 11 92 78
84 59
81 400
38 286
38 179
267 195
226 173
142 84
42 294
269 241
127 193
273 334
393 139
189 264
154 201
282 29
163 90
125 242
213 377
330 305
223 168
123 131
44 158
218 341
134 311
376 191
263 359
359 144
138 215
333 110
203 123
287 294
314 162
162 374
251 279
312 332
321 71
107 34
384 182
43 15
155 245
11 391
381 156
276 116
395 135
365 56
55 317
187 314
371 279
222 225
360 315
348 213
396 49
101 367
326 16
140 212
44 126
313 238
92 245
133 47
296 242
195 363
85 377
263 127
372 32
381 201
96 308
64 239
342 45
161 331
81 339
296 298
370 363
257 162
188 351
175 230
156 380
116 41
67 29
257 133
171 120
11 170
144 64
292 268
327 389
270 374
10 101
18 149
65 234
84 213
136 25
45 241
200 59
293 85
334 148
72 170
211 104
138 46
81 17
202 28
364 266
298 58
119 152
183 42
195 39
148 59
99 302
226 169
372 254
206 285
29 25
10 189
327 173
51 292
377 103
372 112
100 230
220 240
17 332
292 183
258 239
186 386
13 262
277 360
33 221
233 108
163 180
68 347
44 397
188 235
37 399
337 351
273 213
158 280
109 159
193 170
391 245
170 306
360 38
198 174
156 25
69 371
262 46
266 155
331 200
335 253
359 157
143 136
399 261
224 173
340 226
246 353
286 359
288 190
212 80
241 271
183 25
123 21
395 18
330 213
386 321
36 197
266 168
316 71
161 91
321 142
265 75
349 97
63 307
21 322
381 368
151 32
105 177
283 93
91 239
328 26
209 28
153 229
315 122
57 248
273 341
29 221
135 173
72 249
21 304
219 391
380 148
126 144
279 81
26 125
312 45
18 306
129 354
330 205
143 334
176 307
105 187
195 169
264 72
62 135
291 353
151 131
143 158
243 169
184 385
46 81
287 31
257 237
240 97
330 223
136 70
203 102
269 168
269 119
241 385
356 220
353 226
287 225
270 310
63 92
281 273
197 307
274 10
194 21
49 342
213 94
122 99
339 23
173 284
16 108
245 144
206 341
294 308
88 40
153 242
260 47
280 377
62 386
219 375
305 273
73 57
168 229
136 113
363 295
308 127
317 168
155 33
385 231
353 76
143 13
333 236
326 50
313 132
35 248
10 57
15 200
106 375
197 329
271 193
273 157
179 313
305 183
100 195
360 358
54 162
88 398
152 132
320 224
211 234
19 322
370 354
45 58
74 220
50 221
81 279
394 368
109 338
54 74
18 131
245 136
329 156
251 342
49 168
306 392
320 300
315 388
311 217
130 193
237 124
323 262
280 40
150 140
291 231
234 121
308 246
201 315
302 213
36 186
90 309
147 46
269 147
296 119
115 200
171 313
369 164
138 152
78 77
170 305
74 338
322 48
227 234
300 47
200 168
178 369
386 247
27 271
255 225
38 259
130 260
223 341
364 239
