131 2077 2421
576 2420 576 0
0 803 1617 2420
0 2404 2076 2404
2076 835 0 835
2076 70 0 2146
2076 1914 1570 2420
704 0 704 2420
2076 639 0 639
1857 0 2076 219
454 2420 454 0
1718 0 2076 358
1697 0 0 1697
0 646 2076 646
2076 2081 0 5
0 495 2076 495
2076 1757 0 1757
0 40 2076 40
0 1628 792 2420
524 2420 524 0
2076 2222 0 2222
0 689 689 0
2076 1588 0 1588
0 273 2076 273
855 2420 855 0
2076 1415 661 0
2076 283 0 283
0 2211 209 2420
877 0 877 2420
1833 0 1833 2420
2076 1039 1037 0
1492 0 1492 2420
2076 1358 718 0
1538 0 1538 2420
1730 2420 2076 2074
2076 717 0 717
2076 527 0 527
0 479 479 0
62 0 62 2420
288 2420 288 0
0 39 2076 2115
631 0 631 2420
856 2420 2076 1200
0 2064 356 2420
0 1047 2076 1047
1066 2420 1066 0
1507 2420 0 913
1688 2420 0 732
2076 1740 1396 2420
0 448 1972 2420
0 275 2076 2351
0 300 2076 300
2076 2040 1696 2420
0 588 2076 588
2017 2420 2017 0
381 2420 381 0
0 1106 1314 2420
948 0 2076 1128
2076 1105 0 1105
2019 0 2019 2420
224 0 2076 1852
2076 1708 368 0
643 2420 0 1777
0 2101 2076 25
0 2382 2076 306
0 2080 2076 2080
129 0 129 2420
2076 423 79 2420
0 1982 2076 1982
1019 2420 2076 1363
2076 1345 0 1345
323 0 323 2420
2076 750 0 750
860 2420 860 0
0 2285 2076 2285
1518 0 1518 2420
1153 2420 1153 0
0 308 308 0
0 737 2076 737
0 896 1524 2420
0 829 2076 829
1171 0 2076 905
840 2420 0 1580
1373 0 0 1373
2076 729 0 729
1457 2420 1457 0
159 2420 159 0
310 0 310 2420
0 1274 2076 1274
669 2420 0 1751
1703 0 0 1703
70 0 70 2420
1429 0 2076 647
2076 2176 0 100
577 2420 577 0
0 1588 832 2420
750 2420 2076 1094
1707 2420 2076 2051
0 2408 2076 332
2076 1652 424 0
0 2314 106 2420
2076 947 0 947
1224 0 1224 2420
0 1845 1845 0
940 0 940 2420
1560 0 1560 2420
483 2420 0 1937
1914 2420 1914 0
990 0 0 990
426 2420 2076 770
2076 2394 0 318
1333 0 1333 2420
2076 2155 1811 2420
0 2182 2076 2182
2076 1798 0 1798
2076 356 0 356
0 2158 2076 2158
2076 2418 0 342
2076 1079 0 1079
0 620 2076 620
1881 2420 1881 0
0 622 622 0
1317 0 2076 759
0 199 2076 199
1737 0 1737 2420
1935 2420 0 485
2076 918 0 918
0 155 155 0
2076 1504 0 1504
798 0 2076 1278
851 2420 0 1569
1954 2420 2076 2298
