406 82667 80725
18677 80724 18677 0
0 64642 82666 64642
0 20000 82666 20000
50824 0 0 50824
38981 0 82666 43685
5450 80724 0 75274
39460 80724 39460 0
55444 0 0 55444
82666 50630 52572 80724
82666 29203 0 29203
0 24857 82666 24857
10979 80724 0 69745
0 23302 82666 23302
81390 0 82666 1276
28877 0 28877 80724
82666 40067 0 40067
77247 0 82666 5419
38476 0 82666 44190
0 25878 25878 0
16261 0 16261 80724
65491 80724 0 15233
70876 0 70876 80724
65899 80724 65899 0
21462 80724 82666 19520
10465 80724 10465 0
63950 0 0 63950
82666 33018 0 33018
5009 80724 5009 0
0 43922 82666 43922
82666 64604 0 64604
82666 48094 34572 0
44655 0 82666 38011
0 78902 1822 80724
82666 5536 0 5536
33594 0 33594 80724
82666 75177 7489 0
11706 80724 11706 0
0 32653 82666 32653
2044 0 0 2044
1850 80724 0 78874
21219 0 21219 80724
82666 62145 20521 0
55926 0 55926 80724
0 7711 82666 7711
76388 0 0 76388
20490 80724 20490 0
0 27204 53520 80724
75594 0 75594 80724
56819 0 56819 80724
39027 0 82666 43639
82666 9054 0 9054
65349 80724 82666 63407
82666 54570 28096 0
49951 0 49951 80724
41060 80724 41060 0
82666 30578 32520 80724
0 25061 82666 25061
15872 80724 82666 13930
53527 80724 53527 0
69966 0 69966 80724
0 60735 82666 60735
0 28664 28664 0
32535 80724 32535 0
82666 40439 42381 80724
82666 39333 43333 0
41221 0 82666 41445
16006 0 16006 80724
82666 64345 0 64345
0 38286 42438 80724
56199 0 0 56199
82666 37159 0 37159
37816 80724 82666 35874
75695 0 75695 80724
15885 80724 15885 0
11570 0 0 11570
23844 0 0 23844
0 43093 82666 43093
60763 0 60763 80724
61532 0 61532 80724
0 27514 82666 27514
0 57964 82666 57964
0 14689 14689 0
80017 0 82666 2649
82666 59107 0 59107
1320 80724 0 79404
82666 15253 0 15253
52111 0 52111 80724
33001 80724 33001 0
0 3162 82666 3162
82666 17075 0 17075
16338 0 0 16338
64978 80724 64978 0
0 41036 82666 41036
78037 0 78037 80724
82666 31307 0 31307
30521 80724 0 50203
82666 30746 0 30746
6710 80724 82666 4768
68945 80724 68945 0
17773 80724 17773 0
0 64801 64801 0
0 24320 82666 24320
45916 80724 0 34808
81804 80724 81804 0
66859 80724 66859 0
43822 0 43822 80724
77507 0 0 77507
24719 80724 24719 0
51703 80724 0 29021
0 80624 82666 80624
1562 0 82286 80724
82666 50487 32179 0
82666 6330 0 6330
38961 0 0 38961
0 80334 82666 80334
82666 68016 0 68016
72570 80724 82666 70628
77298 80724 0 3426
82666 4484 0 4484
24021 80724 24021 0
82666 27166 0 27166
0 78785 82666 78785
82666 55003 56945 80724
67956 0 82666 14710
3753 80724 3753 0
56014 0 56014 80724
0 62140 82666 62140
82666 46497 0 46497
76316 0 76316 80724
70118 80724 82666 68176
47968 80724 47968 0
55402 0 55402 80724
82666 47799 49741 80724
12939 80724 0 67785
38687 0 38687 80724
0 56294 24430 80724
12205 0 82666 70461
431 80724 81155 0
20020 80724 20020 0
0 26425 26425 0
30145 80724 0 50579
17342 0 17342 80724
1121 80724 81845 0
82666 49297 0 49297
47531 80724 0 33193
82666 38819 40761 80724
0 73611 82666 73611
0 40306 40306 0
82666 25341 0 25341
78504 80724 78504 0
29162 0 82666 53504
0 73922 73922 0
24926 80724 82666 22984
48575 0 48575 80724
82666 55595 0 55595
56907 80724 56907 0
52508 0 52508 80724
60316 80724 60316 0
11401 0 11401 80724
82666 63037 19629 0
82666 40420 42362 80724
3288 80724 3288 0
0 62985 62985 0
82666 48157 0 48157
82666 8130 0 8130
75031 0 82666 7635
82666 70306 72248 80724
0 36652 82666 36652
64179 80724 0 16545
4945 0 4945 80724
39237 80724 39237 0
77709 80724 82666 75767
82666 31230 51436 0
37833 0 82666 44833
55976 80724 82666 54034
82666 41693 40973 0
0 40252 40252 0
24456 0 24456 80724
82666 43715 38951 0
6607 80724 0 74117
59816 0 59816 80724
34637 80724 0 46087
0 57322 23402 80724
18186 80724 18186 0
82666 66987 0 66987
82666 14298 16240 80724
63275 0 82666 19391
82666 60072 62014 80724
45326 0 45326 80724
12269 80724 82666 10327
82666 68046 0 68046
67291 0 67291 80724
76620 80724 0 4104
52954 0 52954 80724
0 72793 7931 80724
53561 80724 53561 0
0 33684 82666 33684
82666 2433 80233 0
39492 0 39492 80724
0 25968 82666 25968
14519 80724 14519 0
71975 0 0 71975
7476 0 82666 75190
0 7555 82666 7555
79685 0 82666 2981
0 49342 31382 80724
28972 0 28972 80724
35307 80724 0 45417
0 25262 55462 80724
82666 37091 39033 80724
45310 80724 45310 0
26074 80724 82666 24132
41408 0 41408 80724
37418 0 37418 80724
82666 10716 0 10716
24822 80724 82666 22880
3958 80724 0 76766
74835 80724 82666 72893
0 72326 8398 80724
15946 0 15946 80724
28748 80724 28748 0
82666 32142 34084 80724
82666 74230 0 74230
25553 80724 0 55171
82666 26651 0 26651
76241 80724 76241 0
82666 5487 0 5487
0 40409 40409 0
82666 32546 0 32546
42521 80724 42521 0
0 20400 82666 20400
74154 80724 74154 0
82666 72252 0 72252
45410 0 82666 37256
82666 27771 0 27771
78237 0 78237 80724
82666 16433 0 16433
82666 42195 0 42195
47308 0 47308 80724
10686 0 82666 71980
373 0 373 80724
0 30122 82666 30122
82666 68007 69949 80724
36118 80724 82666 34176
81274 80724 82666 79332
41073 80724 41073 0
7512 80724 0 73212
0 23571 57153 80724
82666 63412 0 63412
59518 80724 59518 0
39977 80724 0 40747
29806 80724 29806 0
82666 52480 30186 0
73825 80724 0 6899
21361 80724 0 59363
82666 18505 0 18505
82666 54960 56902 80724
33231 80724 33231 0
49655 80724 82666 47713
56828 0 82666 25838
54368 80724 0 26356
0 75679 82666 75679
54265 80724 0 26459
31989 0 31989 80724
25564 0 25564 80724
0 16378 82666 16378
82666 46519 48461 80724
82666 20978 22920 80724
0 65737 82666 65737
28340 80724 0 52384
78975 80724 82666 77033
20245 80724 20245 0
82666 69433 0 69433
23619 0 82666 59047
44035 80724 0 36689
64479 80724 64479 0
0 73628 7096 80724
82666 37050 45616 0
741 80724 0 79983
23488 0 23488 80724
31544 0 82666 51122
28926 0 28926 80724
79807 80724 79807 0
42360 80724 0 38364
72846 80724 72846 0
82666 28801 30743 80724
46860 80724 0 33864
2281 80724 0 78443
49519 80724 49519 0
49009 0 49009 80724
47051 80724 47051 0
0 46276 82666 46276
82666 7659 0 7659
0 22646 82666 22646
57424 80724 0 23300
75844 0 75844 80724
82666 38558 40500 80724
0 17827 17827 0
21009 80724 21009 0
0 25049 25049 0
26217 0 26217 80724
0 70200 10524 80724
13078 0 13078 80724
0 56709 24015 80724
0 43957 82666 43957
42802 80724 82666 40860
70756 0 70756 80724
48427 80724 48427 0
18491 80724 82666 16549
0 8924 82666 8924
82666 25495 57171 0
82666 72526 0 72526
0 76908 3816 80724
19242 0 19242 80724
79653 80724 82666 77711
39639 0 82666 43027
67995 0 0 67995
28607 0 0 28607
82666 32803 49863 0
69525 0 69525 80724
0 12631 12631 0
0 53057 82666 53057
0 79929 79929 0
0 31308 82666 31308
19294 0 19294 80724
82666 46205 0 46205
32299 0 32299 80724
82666 76666 6000 0
0 28017 28017 0
82666 35769 0 35769
52538 0 52538 80724
0 11164 82666 11164
82666 70369 72311 80724
27063 0 82666 55603
74810 80724 74810 0
82666 59878 22788 0
46850 0 46850 80724
82666 14967 0 14967
82666 19645 21587 80724
82666 57386 59328 80724
0 22627 82666 22627
29052 0 0 29052
0 54934 82666 54934
37189 0 82666 45477
60849 0 60849 80724
16722 0 16722 80724
0 55424 82666 55424
82666 70197 0 70197
59464 0 59464 80724
77452 80724 0 3272
36060 80724 36060 0
58899 80724 82666 56957
50433 80724 82666 48491
82666 52736 54678 80724
63713 0 82666 18953
82666 53565 0 53565
82666 79990 0 79990
7901 0 7901 80724
18619 80724 18619 0
28422 0 0 28422
82666 72728 74670 80724
82666 27058 0 27058
82666 29839 0 29839
82666 76672 78614 80724
82666 41065 0 41065
18788 80724 18788 0
56240 80724 0 24484
82666 6832 0 6832
82666 70228 12438 0
82666 26988 28930 80724
0 32252 82666 32252
0 63613 17111 80724
34505 0 34505 80724
1478 0 82202 80724
0 51786 28938 80724
82322 80724 82322 0
52477 80724 82666 50535
57990 0 57990 80724
78533 80724 78533 0
0 74926 82666 74926
82666 42616 0 42616
82666 49705 32961 0
0 64521 82666 64521
82666 46415 0 46415
10988 80724 10988 0
65815 0 65815 80724
75437 80724 75437 0
82666 19534 21476 80724
71972 0 0 71972
47749 80724 0 32975
82666 17646 65020 0
14835 80724 0 65889
3144 80724 0 77580
20862 0 20862 80724
7565 80724 0 73159
82666 23121 25063 80724
51867 80724 82666 49925
4231 80724 0 76493
11115 0 0 11115
23310 0 23310 80724
82666 31672 0 31672
0 28653 82666 28653
29172 80724 0 51552
12577 0 12577 80724
13618 0 0 13618
73507 80724 73507 0
