269 294 48
161 3 -3 -4
184 284 4 0
89 81 2 1
56 139 0 -2
75 121 2 -3
192 235 -3 0
181 1 0 4
183 167 0 1
266 224 2 -1
106 241 1 0
163 274 -2 0
60 53 3 3
169 180 -4 3
84 113 -3 -1
54 129 -3 -2
44 237 -4 3
221 212 -1 0
128 115 -4 3
158 75 2 -4
134 112 2 3
82 243 -4 -1
238 78 -4 -2
202 225 -2 -4
171 159 0 -2
243 209 -4 -1
66 261 2 -3
259 182 -4 -3
200 66 4 0
156 195 -3 2
198 40 -3 -2
166 118 -1 4
141 292 3 3
176 275 2 3
213 283 0 1
140 161 4 2
133 119 -1 2
158 61 3 -3
7 129 3 -1
153 217 1 4
128 22 -2 -3
221 71 -1 2
158 206 -4 -2
14 229 1 1
257 275 -1 3
139 183 -4 0
72 38 -2 -4
189 144 0 -3
68 272 4 -4
