80914 92144 99
47705 11665 5 0
591 9222 -12 -2
2039 91106 6 15
53853 27337 0 10
75022 87010 5 2
54454 81825 -13 -14
35316 11916 -7 6
19501 28203 -11 15
33397 56359 -4 5
72410 66276 -8 12
62975 21085 15 -2
68835 19695 10 3
4261 48254 -12 15
39662 18857 2 -8
68766 58026 10 5
7689 41893 0 -1
22371 28008 -14 12
71243 10909 -12 15
37927 68519 -12 -6
53603 72024 6 11
79791 87337 15 -10
9555 6266 35 77
21527 72080 2 -14
71887 8602 3 12
16171 52785 -8 -5
26375 32811 -10 15
781 74639 -6 5
61828 31486 -15 12
63909 12472 -6 0
54638 52624 -6 8
57544 45084 -5 7
8521 30764 -2 -4
62910 11301 -7 -13
22563 7489 -12 -10
2067 8967 -14 0
56460 43026 -8 -8
63342 23426 7 -12
47231 37842 -15 8
1843 80388 -15 -10
33055 71710 -6 -1
34193 71807 -10 -1
51566 40624 15 2
77529 63456 15 -5
11825 19963 -10 7
14516 23918 10 -10
26825 88430 4 15
38956 91788 -14 -3
80594 71663 0 13
44794 46963 -6 -13
64610 35174 -10 -8
71798 88947 -32 -12
583 488 -12 -6
40146 88259 1 13
7617 12717 11 -4
7689 91462 0 -9
2112 70455 0 -14
47995 29772 11 15
21503 48131 -6 9
76897 12933 0 -2
68027 90340 7 13
70294 81048 -12 -6
26878 87053 7 9
65639 21488 14 5
63011 41412 10 9
64193 84099 -7 15
4190 9467 -9 -3
748 49073 10 -8
25599 21510 7 -10
76284 65950 13 8
74269 56343 10 -2
75044 60680 -11 11
39433 46580 -3 6
78447 65501 -1 -4
77705 24422 0 6
6826 4931 -12 -13
64365 77754 -12 4
42486 23746 8 9
35678 32266 -10 6
76865 40236 12 10
51288 73408 -1 9
766 81567 -4 -13
17453 90709 5 11
73856 82155 -8 -6
30358 10712 7 -14
23189 35572 -13 11
8238 14208 7 -13
69985 23413 3 -14
5688 59338 15 4
60557 74051 -9 -8
34147 37760 2 -3
74043 44871 4 -4
9006 51166 3 13
12857 32648 1 4
69855 55676 -11 -8
48903 6013 11 6
62834 79648 -1 13
73685 54760 -1 -4
59255 371 -9 4
5943 89474 0 -13
